9384
120
1302
8720
4833
4832
1417
4133
6193
145
1357
5797
5793
697
823
2677
9307
1282
190
6417
8437
9074
8135
180
3536
5367
7949
1699
4552
1753
144
2733
768
6255
1109
7426
7504
2222
4785
4553
1966
2750
2642
2735
4269
7661
879
5953
5188
5624
7528
7795
8367
3752
7963
9656
8541
4909
3878
34
2850
9344
9103
6955
3624
1707
1117
8957
9722
8389
621
3926
1150
903
4820
7794
2822
9392
4820
1308
868
101
319
2035
1611
4473
1703
7848
2613
6068
5741
991
7133
2542
6076
2191
3362
9090
2737
29
7399
1022
5758
6131
7534
3139
1537
335
1543
4449
8571
9159
6706
127
7111
8286
8929
9918
1512
956
5342
1027
9642
9979
5958
5575
5934
3091
2522
1082
590
2215
612
2556
435
9689
978
5295
1356
7989
2986
1666
410
8383
8076
8418
6890
9477
8006
2449
4661
2589
6865
7573
3186
9603
338
823
3132
8943
371
434
796
4279
1895
3580
4488
527
9129
4335
5400
2165
6627
797
3741
1443
1956
518
2911
4036
693
1942
3543
993
7864
6319
9953
4555
985
2649
7250
9207
543
3787
6509
7075
709
2193
103
1981
1233
7292
760
9775
8875
3576
7080
3740
343
5868
7166
4179
1301
9191
8436
9060
2329
713
7788
5020
2
158
2981
2454
1689
2317
8559
9711
681
7415
118
9260
8795
4031
7740
4277
3064
2657
1301
8078
6839
2916
7619
3146
5536
4206
9205
7084
331
9805
507
2207
6427
6143
142
194
1301
2802
7573
4026
2363
246
2489
4980
2152
13
3673
158
6695
970
5164
9137
4529
1237
2030
5200
1563
1742
6368
2767
9719
2705
6197
1113
4515
7081
6436
282
1886
4852
4620
6711
6005
902
9232
9165
6664
770
1864
165
9725
2363
9780
6241
8107
8769
3074
2864
8947
4711
7265
8454
8887
4127
3383
2231
7159
4192
6386
1802
2028
906
567
4414
1543
8814
8542
6479
2057
195
2652
5299
6273
7137
1382
1648
45
2456
8750
7979
2472
3530
2651
1130
2305
1614
389
2606
6944
5150
7931
1892
854
4535
6724
7579
7555
7094
969
1758
4781
9483
1285
3119
7390
336
1322
3966
8896
8668
7498
9586
8326
5071
107
5186
4991
8309
1510
4777
6147
6843
5836
6157
3571
1081
8665
434
599
3604
6655
6185
5654
956
8341
9441
1050
690
6072
7500
986
8309
6500
1573
6857
9890
5098
9657
8036
4655
7015
602
1209
5371
8280
2076
399
4249
3467
5470
3108
9891
6387
3878
3277
1476
4836
1103
7692
8911
4457
5669
5960
2353
7200
7795
6401
3286
3735
979
7549
2225
4202
1904
8267
524
7501
4536
3163
6104
6946
6197
2735
6715
543
9127
9561
6268
3294
8738
6383
2155
5952
2063
9532
8432
7017
1422
1163
1483
6195
3000
5713
2659
3579
2589
7616
9599
9151
300
5942
3253
8122
7152
4061
4051
7389
9803
4196
6151
7736
5702
8649
4037
4094
2148
5199
418
400
1121
7809
974
3298
1442
788
7666
9920
9292
9248
5284
1238
6304
1652
3428
3049
6661
3066
3857
305
9481
5717
2014
8157
7437
2946
2910
1360
8798
9771
1610
9478
9348
9928
883
988
9435
3284
77
1203
2436
82
542
4124
4121
994
4429
9284
8544
954
9008
7796
6373
7671
7579
1583
2114
4658
8051
8762
2289
601
9840
6174
6814
8040
3369
4798
7511
5318
7269
5210
706
1202
2022
6055
2734
3506
4123
2058
3172
7562
4361
7952
570
5211
2165
5485
4458
6097
3479
6251
7545
3885
8540
8384
8024
2359
1515
3672
848
6787
7741
157
2102
6148
5587
7632
238
3743
1507
1931
6415
5183
6752
9514
2336
5743
7925
4361
1923
3737
4136
606
9655
8068
1208
2741
5739
4497
7618
6149
2029
896
59
5769
7356
2623
785
4574
428
5101
5644
7142
691
3042
6704
814
6574
2748
2606
5922
1282
6512
2474
6490
58
3201
9710
7381
9274
5758
422
352
8279
1402
2863
8798
985
2497
7441
488
8975
3228
2900
2956
6683
54
3953
832
62
8547
8498
4905
330
282
4629
920
5896
4352
8736
1941
7909
9906
6188
588
1461
8134
5913
6439
5771
94
8003
5803
6191
8141
3532
7852
6092
1005
216
5374
2518
4947
4544
2023
6829
9546
3188
6033
3417
5428
5816
6502
5771
9336
9326
2457
850
8699
6277
7393
1043
6670
7960
1597
7031
4873
2337
4571
8883
4198
896
6423
8301
5360
4226
3961
3387
9548
2716
1849
1810
2589
8545
3702
4189
8903
3463
501
5889
4020
6618
7387
8866
7640
956
6835
3856
9004
5239
7358
8807
1037
3375
7258
877
982
3860
4433
8109
8642
4231
7980
6609
6364
113
9392
9338
389
9738
3327
2366
1093
2432
9830
3381
5350
5382
67
1963
2187
2700
3666
638
920
8721
4573
3889
9081
889
364
4590
5930
729
1921
9049
2297
2079
5391
4593
9744
206
7421
1773
1932
4814
689
8701
1839
3312
2205
7466
2154
9073
5213
2943
1872
2745
182
3913
7472
57
2943
2983
6388
6130
3522
9476
6481
534
551
2648
2603
3378
7156
4715
153
4925
3612
5487
6076
1564
2038
7708
6123
3249
5220
9779
1616
7712
2722
1107
1751
6179
9333
7227
7447
1857
3283
8409
1082
2699
2464
7222
1537
2506
3730
1962
1626
6760
9278
8191
1189
7881
6244
9148
5679
2485
115
6228
7566
9569
7009
8568
6356
7960
961
6756
3464
261
8527
1006
1578
5862
9160
290
8805
4527
1755
3404
1060
5440
9864
1229
2768
1979
3853
115
190
6867
594
1161
4063
9009
9157
6795
3504
1407
5230
2028
8495
8433
7226
4306
3993
7380
1231
2089
5302
1124
5432
7390
947
7861
7994
3866
565
2797
3487
1883
2337
6548
6088
7240
2380
3176
1455
8166
8724
2597
1043
7290
7990
7151
6946
1044
2129
5734
9716
2173
2676
2137
6848
5853
9853
4809
6087
8096
8496
8483
7181
359
2577
47
4767
9852
5186
2898
8550
9701
3618
5970
3275
7812
7092
6408
5897
7540
8635
9477
9915
2825
2913
7680
7677
3664
9654
7140
9770
6935
167
873
3793
3331
213
3185
9066
940
3137
6515
1911
1353
4808
8796
1068
7123
7876
5411
1883
3048
3932
4462
3103
118
1516
6019
244
7570
7242
3012
6169
4426
1647
9314
69
8758
2324
2908
4628
6238
2761
3283
6425
2192
4990
1178
2302
9777
4871
5350
7825
6995
1760
437
7587
3913
2623
170
9231
4486
8354
4474
1151
1164
401
8540
3403
9238
6539
3466
1364
4204
5806
4444
9329
1455
169
8820
6358
4117
1243
8333
4528
5154
1930
1685
4880
2330
7300
9598
8904
3208
6501
8115
7614
473
8059
3562
2483
2014
9324
7474
5156
9855
948
449
218
3021
6900
4724
3058
9509
9850
8448
7918
6234
2035
3619
5234
1749
6306
213
9714
9936
4040
8886
3366
2232
1468
312
4941
4497
4928
4846
6154
9227
5501
2676
6571
5411
5043
258
4790
811
6005
1763
3511
821
215
1716
401
2337
4564
9915
3402
1040
8342
4569
1544
4577
8883
9467
2471
447
8146
3862
477
6619
4761
2772
984
1788
5008
2387
7144
9441
9190
798
4706
6909
3449
8762
9166
8051
9453
5809
7893
9241
87
5780
5727
9435
8244
2621
7414
2090
7082
5631
2986
7353
5426
542
2882
8252
7750
5378
1685
7834
279
1757
22
9894
3732
1427
5226
1107
9753
5927
7933
2956
8800
5969
8229
4224
4423
8883
4466
762
8682
1332
2805
537
1122
536
7866
7246
3064
9096
7011
3922
5377
2824
334
7051
9136
3693
4839
1979
6700
8573
8918
9719
6253
4181
8398
5685
9222
5513
679
2441
9379
507
5031
6307
7932
6519
8362
4153
5762
1767
4923
4957
4746
4163
4400
8593
1042
2368
7472
4933
2931
7442
5836
9994
3061
6766
1553
6049
8602
7284
6519
511
9974
1
6265
290
574
410
4680
1760
9496
6160
4259
8153
5578
9625
3332
3842
8616
5390
6857
5254
6304
3739
8792
595
382
3963
6223
5810
985
2653
6509
5765
6285
7784
4606
4670
8988
7171
9488
9204
166
8929
9825
2808
1993
2271
6127
2293
7092
2469
9935
2018
545
7885
8541
1275
2689
7790
3494
2010
1720
9292
5825
3634
207
1894
1364
2650
4512
9916
3334
8554
8050
8507
9636
950
7806
4385
1372
5315
2257
4444
7911
4268
7371
8455
2663
9190
2232
4151
4897
7192
4792
1323
1997
6957
1415
7677
2115
167
943
3740
9125
2051
5670
7215
4268
1161
8229
7459
5540
4452
3206
4985
731
8657
2659
4299
9389
606
104
6257
701
3212
4936
7614
436
3214
5659
4364
6701
8004
712
191
2118
5521
4390
1916
1975
280
931
6675
7456
5886
9580
595
9841
6272
922
7955
6535
4729
2412
150
969
4658
2755
717
8914
7292
9236
5728
2640
6908
7003
5558
987
3254
6123
3363
809
6174
3277
4721
6595
442
4330
7847
2657
286
189
8406
2572
9874
6871
234
3443
9907
1314
6871
315
5954
8987
6670
16
1416
6101
4287
1231
5885
559
6846
9262
4962
1264
5210
9257
3587
3719
1672
8101
2130
1595
3855
5557
7293
680
8218
133
1122
604
2588
7119
6134
594
2156
6587
7089
2281
5571
703
9754
3468
490
92
9324
581
966
2391
957
1791
7075
3830
1494
5966
1717
1432
7351
5410
4170
79
3199
4778
2537
7981
9409
1994
4458
2672
509
8454
578
670
4778
3926
6312
328
194
2144
6795
5304
69
1428
4651
1767
9092
9351
1390
5731
581
7646
995
7234
3114
449
6131
5618
1995
2723
9738
6271
2053
9984
1403
4754
9344
1557
8100
4674
9534
5497
1188
9651
1370
532
7835
9810
2190
6434
5954
7398
2161
7285
4427
8112
575
2864
9233
3396
281
104
1459
2411
349
9166
9352
3400
8184
6532
8006
393
7561
9882
7382
4977
1660
5844
123
1825
787
4356
7707
2206
7440
300
270
2435
6314
8022
1391
4271
9768
2001
1454
4861
2292
5224
473
471
6202
2331
3779
7962
1048
1465
2296
8710
7906
1882
8911
8715
1432
1657
8160
1045
874
7681
2689
1428
377
2259
6901
4611
6127
9593
3321
3360
8560
1544
7273
4946
5707
1275
3237
6587
2262
3346
9304
2335
4481
6482
594
4585
4464
9337
8040
8221
4331
2019
5919
7816
2781
5432
9270
4847
2435
7365
83
1912
3620
1206
3171
2630
885
2408
7030
9747
22
8312
6520
3521
403
785
2704
574
188
2554
4523
2097
9848
5397
2554
297
2856
3264
2927
6058
6412
3116
6538
496
7438
4218
9101
7214
8862
4671
1404
1360
5880
3318
5748
9524
2095
3715
8364
8267
989
8930
4004
1688
1337
7030
9729
9072
5430
1174
9813
4442
7654
5192
5843
591
6529
7517
9679
3034
337
6493
8207
672
702
2244
767
9954
7855
3037
765
9038
4751
4716
2089
1129
119
5620
5705
5841
9118
7037
2785
8553
8692
2481
3991
5181
138
7731
8738
4021
4486
2378
9348
9079
3616
1431
1811
2305
6153
7061
5934
1943
376
1390
837
1377
2155
1472
8812
5515
792
7361
9451
4826
1170
2715
9805
3217
9596
5654
2090
6459
2352
2908
6810
531
2008
5852
2798
9196
100
1878
5494
1367
559
9062
7049
6806
3578
9913
5740
2798
3882
3879
8332
9292
6905
3109
2177
5157
6196
9007
6470
7278
6860
3678
3699
2194
4289
5702
5153
5592
7452
9656
3900
3839
3489
5828
5683
6907
2397
9574
7720
2841
7310
9722
5464
5859
5115
8017
1126
2958
7784
2438
6119
3000
1104
9125
3193
5496
5421
2577
3989
4349
3366
340
8441
1213
6672
8419
9208
7998
1263
7931
7108
7822
1021
7712
5039
3560
6900
1276
3976
4551
5998
3056
6202
5270
57
1466
8534
5073
5862
7765
3635
675
7644
5486
6473
3025
342
3260
3776
7044
2996
7473
6329
3128
1515
367
1520
3780
7998
8330
6409
9367
7967
9368
3860
6377
4390
6231
4093
2592
9860
2245
4868
4899
256
1662
9243
5840
8526
6470
4758
3368
5062
4004
641
5650
786
1603
7528
8556
7085
2403
8650
8341
1844
6806
2689
5436
8358
2257
8780
2930
9920
1164
444
9702
289
3219
7008
4960
9037
5562
6735
4174
9564
6634
3663
6543
9088
5028
7664
6745
4712
31
4812
8378
9575
498
1025
2213
1914
1695
2628
5229
9571
3829
6810
5651
6998
8878
6682
1659
7946
512
742
9023
6013
551
6318
2934
8754
6709
8508
5094
3309
5532
9079
7887
4124
5267
5365
3299
1363
1712
215
7368
6132
2005
2386
1198
4277
6843
2482
1481
2349
988
2557
9829
5797
5960
2362
7927
9321
8581
7561
5465
8241
2060
2935
6777
9483
7330
9710
1461
8708
3844
2771
5963
7945
4387
4812
8856
6196
9694
8692
3173
7604
2524
6116
6390
3239
9139
9442
1650
2408
566
9833
4841
9512
3319
8995
932
5136
5364
8986
6296
5061
9112
3300
6368
1611
3833
940
7313
3169
2258
723
5281
5617
8646
2861
862
1777
6914
4214
210
7895
6753
1256
5327
6241
3557
9938
500
9887
2211
2861
2514
1709
144
404
5437
4756
2893
8546
2084
1311
5439
1290
9558
9324
7040
7922
6047
7781
2185
7226
1212
8387
2626
2507
1378
3246
7570
4042
1604
8033
4875
7455
2715
1816
4586
1048
8764
8794
8283
146
6572
8615
3452
1471
3727
4383
9556
5644
1572
3968
5635
6330
5472
1340
1658
5183
5339
4459
6226
9655
1865
4895
5582
5338
1851
8716
8921
2265
3442
3397
6408
241
2057
7714
1057
2410
2548
5778
503
9587
7716
1524
1256
503
3597
1410
427
2858
9139
1215
942
718
7644
9585
7958
1059
7230
381
179
1153
2539
9263
3369
1485
6651
8649
6327
5319
6748
3983
5590
2524
4343
5215
6351
3262
9408
2571
6262
3855
5359
5024
3679
6775
1274
9471
2557
89
4042
6667
408
8706
3388
876
3901
4042
9111
8865
7877
2539
8558
8791
216
3682
9208
2744
1535
6487
5456
2585
7890
1886
6170
6504
2476
4669
4885
2945
2391
937
5363
358
6025
4923
2058
8218
726
1762
3313
450
7635
9243
8946
7195
2239
1500
2413
9218
2437
2123
8564
6414
8203
3704
4393
6448
3149
9606
1046
4956
1871
1974
3859
3357
2930
6464
7829
585
5200
7709
2728
134
840
5140
4852
1036
8154
3634
4716
8858
9059
3245
1526
6632
2551
1449
9672
285
7594
9626
6598
413
2335
4610
7316
498
1399
4522
7009
7242
1135
6927
8706
9289
512
1069
3012
4885
4142
4190
3696
6056
3650
7465
8639
5780
3212
2010
2300
857
5484
5599
7115
6313
344
3941
8638
5729
3957
8658
4645
9534
6511
8148
482
2218
8511
701
7842
7100
8850
9252
4818
2610
4540
756
5697
186
3862
4255
7693
5644
2570
1232
4145
2377
8330
1511
8614
3167
1966
8495
4521
1536
6231
9315
4120
2343
1711
539
786
4301
9553
8591
1429
4958
599
9163
4472
7203
636
7970
852
6766
5149
3061
3502
7650
6710
8083
7622
1575
4575
2023
6392
1113
7659
7590
9093
488
5832
9920
2029
6893
8751
6723
9236
1418
1250
4323
5471
5206
6597
4924
4666
6517
2828
3222
2503
1136
1771
3632
3926
7117
4239
1769
7046
9918
6793
2112
4467
7649
7134
1011
490
6309
343
9086
3528
3241
7514
3476
6231
6361
8970
6100
7143
6302
5761
9447
8909
1164
553
113
909
7838
9492
6916
9244
5098
2087
2942
1661
3933
6896
8815
3827
2236
7922
3093
3015
3556
9903
3925
4735
8326
4675
8931
1407
3225
173
4005
3035
7080
3201
405
4309
1950
3880
8420
1714
7588
1690
4887
2745
9620
767
3929
1197
921
2005
8144
5994
132
531
8574
5994
2548
323
2828
2942
739
4548
295
2884
963
609
2127
4982
2310
9794
2834
7460
2114
5150
9202
2142
9630
6648
9788
7734
1335
43
7318
5880
911
6533
393
993
1501
1164
893
2348
2469
4498
4548
3484
9742
6779
6588
1668
3651
7403
5078
8215
8895
1704
6357
9396
3524
8513
2652
5599
9005
9177
146
1211
5713
3880
7951
2220
1445
428
5439
8110
6680
2361
5826
8601
4775
3698
7073
2701
6406
186
135
7216
1936
7525
3274
3637
3802
884
4387
163
480
709
3673
8407
1759
9091
5413
5369
1369
9986
758
8304
1806
7608
3260
738
2274
282
6084
7059
118
7704
8587
909
9037
8470
6090
7416
9309
4359
6920
1064
7808
111
5859
712
3681
3699
7013
8695
9583
4160
360
1652
5398
6431
4344
8374
1178
1317
9808
547
6211
7289
8318
5537
721
4566
155
2866
1823
79
5015
1145
2348
8072
3881
2023
751
846
2580
8130
2651
8678
8676
3706
7938
2158
3874
4249
4214
5105
6413
2386
1807
6827
8341
547
4069
2766
7273
4481
2239
6971
1796
7519
960
3918
4132
1352
6883
4217
4781
3875
2638
4483
4876
3428
1787
7606
538
2609
5133
3053
3281
1383
3139
275
7736
1362
9948
9717
1224
7400
7152
31
456
8798
4289
4960
2219
70
3397
5278
9111
397
3688
3924
4587
9371
3949
7192
2035
905
1476
4555
4245
1468
3850
2139
8417
433
4721
6228
2240
6355
9499
336
9786
9568
8476
1616
200
4664
9018
8807
3898
9842
2674
6275
5413
5208
8831
3117
2716
3623
749
4875
2352
8926
4985
2999
5127
8952
5773
2802
9769
6724
2394
1213
5876
5916
3449
5055
4878
6742
7114
5657
3070
6913
7495
500
5880
9731
1011
894
4240
8452
8069
27
7102
3450
4997
8451
8212
4079
7046
6872
6943
713
6355
7592
5950
2666
5691
5079
1210
3031
5695
4462
3386
9524
2603
5263
9256
6851
4185
3815
1094
4585
5753
9133
9970
8800
1452
2930
844
4480
7972
29
1638
8411
3775
2186
60
3382
7178
1185
1665
5379
7412
7168
1673
7090
2413
621
2497
2835
2211
6777
603
5482
2672
9298
8885
9383
4852
5892
1800
7556
1773
9095
949
553
9987
8256
2797
5890
8147
2562
2397
7986
7849
1793
5886
4999
8957
3561
67
4599
832
6930
1214
7812
5958
9030
8226
4724
7573
8393
4389
4973
9934
3988
2887
1942
3902
5133
2644
1226
2622
9799
1537
174
1707
4140
5752
2905
8695
6294
1824
5883
8721
262
3152
9742
9294
9292
7117
6704
2164
3742
8581
1609
4958
8150
211
3553
5664
2698
8153
4693
1181
3173
8142
6384
8326
555
7656
9200
7413
9664
7897
1075
6431
3310
7766
3708
1856
9682
2835
9559
286
6856
8881
6605
5905
886
9365
422
8999
1377
706
331
7133
5427
6007
8940
2745
6228
2521
8246
1915
4205
9336
6922
6390
3155
2002
5355
3849
5021
2936
937
6537
7664
2628
5075
4564
1199
1534
5473
566
437
1758
916
7573
7933
913
9757
3588
1360
4102
1437
32
150
9171
5286
3962
187
4583
4592
2026
4293
5892
2549
7388
9408
8290
6400
2041
5019
4359
2275
1671
1395
1120
728
620
4519
6794
1397
7943
4997
7283
3378
5090
4657
6885
3151
6390
8113
3650
66
8638
3410
2158
6755
9485
1404
8870
5935
2174
731
6398
3989
2727
4609
8677
2781
8185
8712
5094
488
6482
3964
4247
172
6966
9048
1173
9855
1085
1176
6355
6397
4194
5214
3109
1030
5819
753
5735
533
2588
887
6484
6132
2615
983
2669
8828
4905
2667
942
2595
2810
8397
15
9427
6561
4336
7183
2620
1807
4175
975
2470
1285
2237
393
2445
7847
627
3085
5789
225
6672
1606
4866
9327
1967
1412
9360
7503
1002
1448
111
7941
8977
7967
4718
272
5701
4804
1023
781
7978
1387
5910
2468
1177
3816
1481
6138
4747
7953
6031
6465
22
6264
5947
2732
5086
6050
6367
5428
8025
4641
5020
4764
9698
1551
3894
3814
8014
7615
2526
6580
4000
6005
3076
4089
5660
690
8211
3137
4611
2967
9856
298
4274
5876
3013
2869
5647
558
3345
1921
9442
8827
5481
810
626
7050
770
5631
3075
5640
1415
7944
6970
4369
9067
6282
9005
6489
2295
9757
3327
8063
9067
682
6927
5077
2058
9951
5031
1750
2523
1245
3419
7700
3718
9314
9613
6341
7903
7956
2377
887
8156
1025
9394
6090
479
203
1457
4190
6810
7724
9018
4297
9734
360
5171
3246
4195
3299
5166
7562
9341
8689
2284
2466
8130
4320
5051
4136
4877
9574
8812
4579
36
1084
2620
6372
5418
2506
194
460
4421
7234
348
2799
6665
3102
5894
3449
1184
9644
8526
468
1795
562
2531
3544
8413
8347
4178
7980
1721
9237
7729
1623
9469
9084
3012
3256
5189
6398
3789
3943
2914
4828
7595
7531
640
6464
144
5199
6085
5885
895
1308
2802
8672
8640
2275
441
5785
9245
5484
5498
5013
8641
8906
3982
5096
5776
4848
8134
3340
1567
4205
723
2747
516
2518
2236
6263
5898
2757
897
800
1369
8223
7833
6905
957
1980
6916
5668
1343
8153
9238
5996
7989
2530
1753
3838
3896
4854
8564
8590
3195
8322
343
2345
6006
5684
9707
9340
826
1302
7213
7808
2354
479
2804
1881
9527
7960
8419
1668
3817
6499
4711
6775
1908
7813
7786
2960
3670
5339
9531
5657
9092
7055
7682
9620
7682
6721
5571
3557
6764
761
3447
496
4036
7415
664
1243
6847
9201
3420
399
7144
7692
5190
5724
696
993
4969
9227
4704
2910
5584
6314
1072
7614
1002
733
765
6449
6619
7805
5235
4744
6959
4335
2677
1198
7569
6421
6818
3902
9977
4817
8524
6204
2683
5008
4344
5819
8544
9571
9916
5299
13
8887
7883
1955
923
6498
3787
5759
78
1993
4697
8840
9170
4958
2321
9595
3938
9870
3030
2247
1266
815
6763
6577
700
2287
2536
9722
4402
5569
4
305
374
2724
7962
8487
3182
5125
297
1136
5742
7060
7768
5091
6617
2647
5853
438
6169
2302
6004
865
8352
8929
1211
4476
4256
1773
3590
9352
8026
3439
8980
5798
4665
9905
3910
6534
1400
9471
2684
9136
8313
2198
9525
7518
9254
2320
3936
7163
4920
8223
3188
75
4648
1568
4531
2873
8804
410
1046
571
7251
6804
6926
771
7915
1825
5258
2932
1553
4268
1118
1908
2293
5923
6442
1061
1095
777
546
8795
6826
392
1723
4938
1458
4084
4401
337
2360
7221
2610
5695
3327
6693
1709
1524
3889
906
3994
970
4739
9951
9080
4439
919
6711
7453
8173
9569
514
206
1668
7257
8126
149
9729
6907
933
103
1033
619
3961
2912
9016
4329
6015
37
9953
2328
5064
6268
384
4406
532
3359
7310
638
2359
2889
2223
8925
3141
747
476
5849
3468
2229
9647
2534
9512
5938
9194
6309
3410
3515
1277
6217
5080
8103
784
7238
6001
9633
126
4655
5730
1294
1170
4925
6159
8307
1329
1301
7675
6077
2748
8214
2252
360
7398
9471
3562
5045
4651
889
7665
5673
2439
69
4375
9234
4346
1360
6446
9623
8364
9176
7138
9064
2269
3228
7953
7893
4528
9485
7773
2355
6078
1460
6866
6632
3845
3964
2527
5580
68
1798
6021
4802
6147
6556
6259
9008
1031
3411
150
411
9714
6776
3752
2330
2449
9266
315
8295
5602
3085
7263
109
9188
4203
5189
8357
125
2915
7729
4539
8177
3500
2623
6013
787
2523
7734
6317
9598
3606
1889
5863
773
4150
1981
8364
8095
7194
5138
321
7546
6833
1851
2123
8103
8263
3363
5951
8297
45
2360
6700
71
904
4347
8580
1201
3349
3209
6127
3337
6430
4698
2300
9062
7583
4576
7745
2246
8205
9808
7241
4278
3344
1884
7250
8917
9727
6846
583
6867
6964
5321
7387
2443
5954
9091
1470
8680
6122
7265
3948
6674
2339
5399
1913
2370
1239
5519
3304
9716
2223
5498
3719
4462
351
7881
422
1614
6183
3826
2057
9090
7633
9091
762
6522
9325
8540
579
6490
9222
3591
8603
9625
4995
4605
4884
6648
4407
2376
2243
3680
7914
4409
1352
5973
709
7765
1588
719
1194
9046
9870
4666
6664
4613
1537
1899
4904
5406
5966
4354
4445
3287
3929
3984
624
8422
2787
9823
1494
5649
6781
2911
5444
6998
6957
375
4097
5807
6772
6353
7061
2739
443
9751
8258
9182
6672
3766
3607
3423
147
8441
413
385
5371
964
8659
3980
6896
9039
9262
4949
2444
6252
8187
4748
3219
8446
3607
4744
2540
4233
3110
4462
9898
9712
1737
259
261
142
2324
1821
9804
6902
9161
5268
8919
8026
4501
2199
2643
652
9589
5591
8073
8140
9311
5692
813
5708
4686
3661
4305
146
1880
9262
8511
9134
4306
9951
8654
6355
2210
9147
8543
4337
9548
8486
5578
2046
588
5021
7922
7475
9477
9235
287
316
2429
3361
9049
8605
7902
1813
6963
1006
1883
7682
729
1813
2760
7766
4272
1620
4866
9442
9668
4561
1084
7998
5193
1679
2564
5412
2023
1527
1045
477
7313
8415
8187
2309
6926
5559
6176
3096
9779
5501
4188
2347
6221
5237
1779
624
84
6931
1684
7772
7877
606
5633
6404
922
3940
7574
4599
6696
1286
4298
3027
9626
2608
434
877
3137
1443
314
1578
7035
3442
7545
1379
8814
1632
3926
4553
2370
4402
33
225
331
9189
7412
944
938
1441
9794
4832
5087
4439
6066
6294
3778
1430
4525
5668
3307
348
713
7674
9090
243
4969
1157
3739
2442
8592
1284
5191
8987
488
2210
1115
1768
8526
3503
2255
1334
1077
2148
38
3421
6590
3269
2399
6248
2845
4306
9986
1106
8417
4734
4083
3088
978
4613
1448
7269
3047
8893
4211
8466
6185
3571
8481
6257
3430
1662
2430
7427
312
3611
6847
1586
174
2644
3132
8496
5456
8205
7123
7942
6826
6281
6228
8585
3298
2939
3793
3220
5216
8394
112
692
701
1760
3134
7016
4469
3824
9572
8065
2357
4542
2212
8740
66
7754
2462
5207
2217
9802
1124
2589
1693
9418
3052
2347
9449
5586
2316
6621
2610
2675
6889
1879
6353
1436
4419
386
9102
4089
5092
1662
9102
4050
6993
2195
808
1042
1888
9010
3430
4265
858
5996
6659
9715
7095
3882
4630
5794
1019
4716
2331
2033
1842
8307
2487
9336
9663
3632
1615
3966
3720
3290
2878
6740
4509
2953
7592
657
4519
5367
9195
1610
1056
2797
480
9088
2504
1
6604
590
7009
2260
4897
1406
57
1855
1659
7691
2065
1522
9710
4074
727
7029
3050
3770
7772
8464
3491
3856
5709
7046
49
9052
1677
9608
1505
2390
8443
5877
805
9735
908
2164
3176
5903
8224
7236
690
9760
2813
5280
676
5205
1932
847
2190
7323
1192
5392
8409
2539
2422
701
6334
5888
4076
9493
8733
6351
149
1219
2472
5066
9210
7613
2395
2507
5283
9228
9610
7058
1725
9814
2453
2791
6465
7258
4372
7838
8873
2383
2894
4307
1107
7531
6061
1382
4831
1965
3512
5106
3408
9632
45
8392
8099
9947
134
5612
1780
972
5476
418
1079
2008
9806
9671
2293
2659
7936
6781
1847
4533
2617
341
8113
4328
4278
9645
9156
1287
2316
7432
7314
2019
703
835
3453
2486
152
4249
7750
8445
1323
3406
7317
5204
8147
559
9639
7994
7194
6640
5309
3388
72
4761
3745
6248
7533
9221
4719
5402
1206
9513
8743
7651
5893
6250
844
533
7503
4859
357
7687
1686
6137
3808
7481
2480
3108
4798
2561
7961
928
9678
9708
3932
9093
2679
2983
5583
3505
6120
1471
2421
2173
6177
332
8562
572
1713
3072
7891
1287
6258
339
7072
4223
6379
5079
1222
6846
7378
5734
9258
6948
1239
3468
9696
6735
136
8122
2449
1386
2121
3104
9499
3644
348
4999
2100
9704
8254
1070
2137
6491
3710
3638
2253
9829
9494
8981
4088
3177
295
5243
9904
257
7034
6627
7981
8499
6355
2551
892
10
8413
8658
2150
9564
8067
2179
6930
6099
1291
1942
3421
6363
5991
2124
7976
613
2833
2147
9732
6442
1485
3359
1924
7443
9971
2058
54
9831
3178
7229
2409
3079
5907
171
4152
4680
2213
4179
4976
3236
1346
6792
2804
1440
5215
1466
6489
8026
247
5700
870
2857
3252
9010
8848
6111
2650
7386
1244
3589
7465
1473
9999
2551
1386
3372
5457
9445
690
9961
8604
2854
5868
6993
3702
6897
8515
4633
1540
7301
2511
8266
8106
6048
151
130
2937
2129
7368
3915
3055
34
2150
2966
5395
8647
6857
4260
2843
653
7474
3021
9977
479
1996
2079
4653
5318
9099
194
2853
9170
1800
2158
2686
7044
47
8550
5197
685
6111
7697
3820
1305
3479
1162
9074
5372
5721
9757
8208
8041
9848
5225
4465
9897
8272
3562
9311
1160
3484
2314
1651
8154
1040
1671
9925
8751
4119
6163
893
9693
9503
5705
2517
9714
2713
6644
242
7760
6606
3233
1334
3216
5646
8501
1705
5915
5692
2168
3686
1822
8736
2463
659
9794
9028
4784
8543
1482
2382
4934
1268
854
3387
9656
4953
2207
2719
2825
5144
1865
6771
2806
4358
7960
6012
374
4544
9900
9420
2309
4439
3809
5229
3235
5813
7895
4251
1455
9621
5722
4341
7954
9065
4135
5006
2186
346
7618
1381
3189
7698
4767
5934
277
4536
5929
2632
3973
2855
8705
7073
8674
5053
3799
3884
7296
74
2811
4894
859
3827
1066
3870
5617
2997
6051
6827
6209
4741
7706
2657
9581
1618
1804
7977
6664
4243
8190
7744
6959
9724
7450
4906
8574
9664
348
6168
140
5147
3158
3301
8622
2479
47
9859
1148
3282
1376
7184
26
4832
6115
1052
1148
3831
4868
3710
2198
976
444
9656
886
5264
567
1629
9597
4757
4948
2388
98
8705
3046
4277
6815
2016
4308
1742
8903
4404
3146
2400
2216
9666
1125
4380
8166
8289
1345
9166
9091
4584
5808
7225
7379
33
5222
5647
3016
1942
5435
7867
8332
9923
5903
1257
2259
8464
8428
563
5008
6819
950
7431
9512
645
1190
1003
8213
9390
9646
3480
474
2802
2031
2617
8127
4388
5132
3997
9319
7947
5349
4005
4364
9481
649
139
2696
5734
3334
6849
6717
6955
7104
9692
625
9824
3876
2594
1698
8563
1968
6544
1463
5718
9804
1310
418
9123
2274
1706
5443
1852
104
5510
5023
1262
9998
9277
7844
5623
5655
5496
6883
5507
3245
3525
9017
8841
2448
4133
162
3208
1536
4114
9149
1304
632
1033
4375
2066
9649
2433
307
624
4230
2109
5498
8951
7681
124
9404
6752
3893
6420
5660
4671
9268
7437
6297
7225
9284
1150
9681
2231
9831
9937
4307
7127
19
9416
8480
4255
4045
2295
2046
6351
718
5133
1046
6670
2929
4895
9996
8391
3960
2844
8800
9854
560
9626
8827
4090
4167
9720
1925
3270
2121
6392
9699
8632
4283
8042
5754
991
511
8810
2476
7941
1673
928
2524
5576
4289
7196
6984
2163
878
1304
4889
3488
4597
5219
2177
9203
1523
1991
6935
5468
4705
8317
1765
3620
5443
2867
347
9080
2356
1949
2633
484
3841
4684
3617
31
5803
7565
4186
4815
8135
1647
874
1219
6050
6274
2845
1917
420
660
4812
1174
2132
1947
8930
544
4633
7630
6475
5766
9440
8617
5529
5897
1376
6603
8082
8668
2536
6231
1867
974
2799
1499
8242
5722
4438
1773
7597
2237
5625
1733
8494
2535
7219
8744
8832
7446
5919
9376
3951
859
9883
9879
629
3976
8600
2964
801
8853
6107
4823
2273
4860
4879
1798
9604
112
9248
7630
1358
9759
5488
8998
984
2138
4858
1561
2794
7484
2480
5699
9895
1846
2829
3728
6613
9643
8950
3359
1195
3923
8100
193
1335
8575
1786
2322
405
1777
3751
6684
3798
1957
1295
2317
9181
9606
7146
189
6886
8941
7669
266
2547
3244
8447
3382
8608
7403
3265
5158
9814
4253
2180
590
9730
3810
7280
5102
631
2365
541
1470
8270
5903
6209
2100
4517
7763
8262
4104
3625
2449
9476
1765
223
8308
5162
7928
960
5180
2562
1807
4506
3420
275
3960
1817
8439
820
3771
9687
3971
9410
5922
109
2077
6328
2067
1261
6470
7879
9715
9217
9295
3300
4955
6832
9028
721
8908
9995
4957
2493
65
1485
6504
7040
2406
8411
1627
6509
6982
3220
8485
9467
9192
8337
5023
4097
2012
4808
6029
6693
355
4610
350
9183
3437
820
3369
2835
7559
2955
4894
589
4470
7035
7323
9213
3260
7831
3192
324
9459
774
8238
846
1835
9481
5461
4899
3982
5091
3772
6425
6291
4438
4375
9039
298
57
3563
8532
6517
1832
9980
4554
2870
267
3961
9026
9720
6556
833
5652
3711
4721
9832
1941
1334
8227
8172
5991
1628
3168
5772
9822
4714
5316
2481
486
231
8659
3342
331
876
7831
317
6731
9192
8660
475
6972
205
8571
1840
3281
1087
7503
1365
2169
394
6770
8587
7568
3620
7405
6834
3413
9745
3073
900
7490
8476
7393
2411
7314
2658
3076
1134
1339
5138
9756
9660
2861
7304
6019
1389
1410
714
7160
4149
4735
4823
5461
4491
3406
229
4524
7739
1995
2432
4461
985
4185
813
1568
9212
1282
2519
7204
1069
8302
5729
1167
5808
9233
526
8554
9773
4583
5034
1797
9288
1104
1183
4926
1554
8512
1216
1321
3533
1382
3517
6502
6443
2114
813
7621
6454
3362
1865
3535
7293
3885
9289
1634
4720
5180
1844
2275
4110
8574
7032
651
5564
3765
4671
3944
7801
8709
7947
7421
8001
1179
7907
1613
1628
7460
3643
9289
52
2935
740
1839
5917
7295
4692
9964
5399
5290
1863
6974
7699
2741
5767
4729
8792
6231
2938
8807
3608
5523
2330
812
3661
3722
198
2484
487
8282
2256
5909
191
7644
6115
3868
9883
4082
4122
2265
3882
7940
880
7181
663
6612
8084
1693
6289
5803
5037
3961
5
5121
9589
6787
7303
663
9156
2724
2084
5577
149
2413
1319
8921
7416
588
7246
8263
3073
5777
2177
5293
1651
1113
1009
7120
4135
3749
8578
5276
5242
1361
7611
8311
9960
1761
6156
4679
5997
5161
605
2218
4131
1039
2801
6454
2705
6650
6715
200
7587
569
3797
7775
1096
6207
1864
5842
147
5931
449
3999
6463
3886
2161
539
2522
3930
4482
1176
576
4599
8118
2954
1556
5151
2088
3722
8033
1450
6587
3197
7013
9544
8223
4068
297
1873
1474
8996
132
4401
8197
9582
6830
1919
7279
1901
6901
8141
2515
7644
736
2294
6281
1000
8619
5416
1549
2464
5317
8071
277
6897
8485
2907
9205
9409
30
3976
4911
203
1409
2625
8554
655
3108
9535
8939
5421
8793
1015
7521
4301
186
5953
4637
389
6529
861
580
970
4465
8807
3560
9415
7973
4756
6465
1763
764
2064
3424
7731
1845
4137
8054
4111
4521
1723
5474
3237
6151
3068
4441
5156
7860
5261
5086
3618
9810
586
7317
262
6782
5172
2853
2442
9233
3728
3992
1180
4368
3196
7853
15
5380
9127
9199
3394
9986
6516
5863
7662
8531
9352
5252
2474
9618
6355
172
2296
9057
6520
5868
679
498
7893
6933
613
2092
6820
1746
439
5166
8116
1392
4603
6504
4028
465
208
9816
101
8677
113
6034
3281
3430
5076
2721
1821
9270
5441
2648
6188
7371
5289
778
4146
6929
8728
1398
1099
5663
6107
1648
1252
2357
9216
247
4697
7362
7281
4020
646
369
481
3780
1102
8425
7277
6888
1756
9634
6710
2274
2717
6174
949
2475
324
1854
5169
3600
1994
1469
5775
1995
1780
2475
8977
7722
8764
1366
8363
2299
2768
9750
2235
1256
1896
1185
9945
8765
8883
3640
7166
5698
3770
888
1070
4608
4800
315
4023
164
5001
8104
2528
8556
854
4770
888
5051
4982
9934
2701
5753
299
747
9016
7439
7576
5873
6676
9160
1726
8785
5280
5700
3666
571
4558
8652
6866
1563
1251
8635
8449
3240
1536
600
5018
5678
2125
9966
9413
7545
1625
5174
9053
5174
1868
2905
5652
9205
7623
5813
1441
7681
4163
3901
8499
9604
1341
7481
559
9972
2985
7098
3498
8820
697
2628
1091
6758
1737
2448
3713
1892
1957
3814
8527
4433
6482
8784
3701
5579
6724
8921
2217
2534
1569
2469
5488
7282
9608
3663
9134
3973
4470
1423
6911
9990
6168
2239
2345
6390
6180
4085
7901
4934
3251
3557
7433
5047
8717
1216
4901
6425
649
75
3639
1728
9893
1351
9158
9931
6863
6696
3997
944
3885
1850
1043
8931
6189
5022
5733
6371
6552
1479
6535
4600
2672
1511
3700
4186
779
7949
8024
6379
5387
3332
2797
2177
4464
6572
9629
2614
6110
5767
9599
5086
8524
8106
8319
1030
8965
3494
191
8087
6886
75
5299
3086
1819
3416
7237
8614
576
1746
9145
9873
2417
4142
471
9739
9727
7464
5384
1898
1370
1464
8540
5721
8614
5990
1230
5943
2019
1570
1105
806
4799
332
9945
8564
7144
237
8873
208
5128
4212
5469
9018
4247
7648
9419
9859
7528
3907
2210
7556
4931
4070
5406
52
6259
144
3398
2059
2840
5624
5839
6156
6372
6021
9059
7937
5057
4338
4179
5972
1623
4732
8738
2957
9935
1453
8846
7576
7124
9093
1492
6390
8391
6322
3994
2112
8206
7464
8511
6507
3764
3427
5445
880
6799
2516
6823
9615
8527
536
5182
788
1895
3236
4584
9568
8505
9030
4413
1341
2410
3993
4680
8415
3319
9593
4555
2109
1373
3680
3086
2388
9857
7976
5718
6842
5915
1917
7488
6271
1542
2289
353
6367
2416
8496
415
5468
3828
1836
3758
9197
4691
8420
7118
671
3364
7714
3786
4312
4553
2309
3714
2598
4441
897
609
8259
6490
3455
3666
1025
6355
3803
2914
5068
9832
1534
294
8776
9743
2730
969
1537
9910
7201
3159
3412
7670
1443
5898
6406
6713
2939
875
477
161
6280
7110
0
7643
8615
5274
4025
9002
2387
4238
7133
9898
7743
61
815
3872
1497
9351
2173
8653
4006
1047
1154
875
8469
489
5662
8692
8473
4057
867
5154
7902
4836
6523
1426
2189
3354
1393
3781
577
3209
9631
8541
4768
1148
5475
396
381
1420
1738
1677
284
1858
4387
9703
641
7435
4474
5976
4062
9407
2875
5816
8177
3679
7405
7302
578
6253
751
8779
5070
2397
7514
9096
9092
8883
1554
3459
5791
3383
8753
1616
3561
1209
5104
3601
2269
7528
354
9748
1992
7607
8818
7861
1976
7216
7341
3840
6904
5149
8461
340
5021
6351
3619
6772
2216
4835
7650
2050
5531
8953
4090
8511
1908
1371
4032
5812
9060
3545
3169
2008
4039
468
5278
2498
3866
8238
8913
9786
8658
9585
2382
8601
8219
6072
373
6952
1717
9998
5565
2362
2631
10000
6509
9806
8413
6389
6168
597
9178
4711
6201
5991
815
1575
7574
9196
2573
5987
4290
8522
1111
1931
3588
9187
4910
6245
8087
9658
1246
9902
4134
2668
7048
5901
7121
4825
531
8672
6950
481
2188
9466
6789
1274
717
3935
9762
6741
990
1686
765
840
2848
1867
5707
4280
2270
1830
2190
4025
2237
2908
8166
1208
136
6958
2160
3062
3503
6224
1612
4540
2877
5465
2924
4843
979
9562
4637
3882
1700
241
9041
2174
2998
7433
7284
7089
4404
412
7705
7655
6668
8510
5675
8304
2946
5451
5742
8654
7584
4354
5832
107
4666
9578
4952
3854
6618
8832
9260
1455
2512
1306
1116
2596
4000
2262
6659
9076
2342
5382
3064
4493
2592
732
7238
9772
8985
2873
8809
375
7397
2262
2318
13
6196
2360
8337
4575
430
484
6661
5789
1573
981
2406
2352
1604
7298
8145
2729
1281
5520
763
8659
8612
1969
1108
9687
391
9937
5716
4412
7055
8158
2518
9172
4746
9114
3661
3446
9586
563
5847
1469
545
9057
678
6328
9344
4605
4790
8799
1637
1588
9475
8913
6636
7442
5336
8680
1765
1034
408
1588
5037
6907
3847
2459
51
8825
9396
4313
736
706
5619
9639
6964
7298
8820
1287
6824
788
3912
7349
2464
3561
4697
8657
9122
2443
8416
5636
1868
5309
1953
134
2079
7912
2463
1306
1538
9693
831
2897
9379
5387
5220
6932
3584
6690
2074
1399
6963
817
6036
3941
2507
3395
7049
8699
9073
3391
5870
469
1921
2820
7298
2924
516
8940
1552
8169
35
1900
6677
5092
1550
4675
8163
6537
4559
4665
9097
3770
3225
8021
8715
2395
2967
3968
2267
7251
5565
4007
9197
1351
7308
1138
2982
235
2175
590
272
3760
3298
2077
2464
1434
6605
8710
6693
9902
3738
636
9840
9088
6855
7502
9947
318
3683
2900
6739
7172
990
845
8629
3005
4808
5989
6195
6990
3249
6294
991
2582
4302
3307
4374
1568
7204
3224
1796
6734
1896
7703
7669
6504
701
5491
4763
1873
9715
4262
3674
5957
2751
8823
5904
5651
9194
609
3714
5513
7714
9552
5872
7397
7426
7886
944
3609
1023
6789
3195
529
6739
942
8304
1520
9867
1051
9694
1185
4753
8578
6936
5745
7095
158
4258
6061
1102
4685
201
9
91
2223
284
7520
1209
7324
3064
2013
7349
802
4878
8572
5662
1884
2586
9808
1057
8844
1714
1700
481
5583
7208
1611
811
2670
2902
9266
1926
8823
2676
7619
8214
9006
1101
2231
3884
2350
2274
8650
3244
2265
9571
3640
7462
1272
9239
1679
3231
831
2064
2356
1684
6995
8591
7743
1239
5302
5313
5791
6159
3904
3273
4591
3223
4659
9461
5658
8908
141
9705
5553
6318
8243
440
2301
627
9066
3811
7619
4187
4576
9016
8647
6665
980
4774
5731
9025
6007
8175
5482
3521
8965
2014
7349
6809
2310
6945
1893
2839
7090
4368
6637
257
4162
5983
9383
8872
1673
2502
7223
5032
3237
8521
1558
6829
9393
7331
4576
8128
9396
5203
6442
656
7787
8510
6957
3971
2386
2167
8818
227
1567
4871
5987
9294
2757
2370
6264
9010
4720
6630
3023
4658
2804
3560
5866
1570
8829
7427
7919
288
7379
555
7797
1141
602
256
9121
255
912
9714
866
7017
2867
464
6800
5440
7886
7277
9819
3080
3046
9866
6663
8031
4867
3087
134
6153
2336
6873
6805
8850
1938
952
4169
9949
4095
9868
6952
4516
5041
5671
2438
8850
5027
2757
2442
2313
5180
2643
709
2816
704
8238
9957
5130
5554
323
5657
3828
9414
9838
6923
6645
6183
791
9499
7274
9690
2314
966
1686
3698
4863
17
8291
8535
8477
3689
5783
6929
3617
7860
1347
8202
8423
9362
7545
7647
1697
3046
9245
1538
78
1368
8111
3286
8737
5983
7478
9736
448
797
1713
6937
3618
5578
7603
3094
3940
5955
558
2724
5144
3980
8733
5256
9452
5976
1878
2940
667
1172
6746
6639
7531
5113
5463
9259
2189
1315
9083
5794
9479
4538
7857
2113
6998
2122
7680
4857
1642
9298
1896
9462
2612
39
254
804
9946
3832
3572
2647
6668
4402
4836
1859
6193
3298
6997
175
5581
2508
3069
6939
6970
3866
2213
7711
6039
3675
7404
9193
5377
1180
5597
692
143
3562
9828
230
1939
547
3088
4225
5101
9184
1716
791
708
8474
8787
3239
1024
2067
4583
7632
8369
3397
4665
9516
8809
5284
7057
685
5112
942
773
1743
1661
7566
1060
901
4292
2203
6962
1790
8404
9165
2514
9011
5314
2299
2980
5723
4895
6286
2931
9848
7006
9619
5638
8913
6581
5787
3847
3132
7644
3624
2611
9065
1528
6091
4491
1102
6514
3992
5037
9525
4984
2841
9284
3009
4894
9373
2275
4965
602
6954
2644
2008
3039
9195
8867
116
2133
9515
1912
6784
7652
7851
8552
6413
5609
4203
348
9394
7704
5749
4943
1678
9223
8676
1010
9558
3922
6166
7148
6667
9233
5177
9652
8988
39
660
1400
2943
9746
7353
7849
1103
4934
7943
403
8672
1271
757
5791
9727
7610
245
3146
8100
2531
1682
842
3578
4759
3795
9681
3833
1670
7558
6812
7639
8403
9964
832
7273
2431
5681
6885
4769
1646
7339
9461
2495
7385
5632
2140
6327
5570
6600
1131
4234
2293
7900
7148
4742
2116
6311
4206
3360
2004
1720
6675
5736
6408
452
829
1351
1943
7431
9473
147
7825
2407
1390
1198
8791
6963
412
4341
8806
6865
3691
2830
7396
1623
6933
6403
8593
6875
6663
3918
3063
9080
8721
1327
7456
119
78
7960
1538
1030
7464
9877
3098
5870
6875
5396
9067
3912
3020
8131
4130
7737
7228
7764
9933
8178
2423
3895
9141
8822
5241
2539
7471
9309
6591
617
65
4364
8870
3774
442
1459
5165
9222
508
8909
9905
3006
6060
6664
365
4037
1769
3316
4860
213
9029
9436
1716
9004
3832
4596
2501
4619
5529
3103
3621
1790
7876
3226
2507
6
2148
1958
8287
3722
9922
6290
7785
8607
3586
9193
4247
2087
6010
6818
6846
9722
2546
7237
3659
2728
7859
2345
7725
88
4571
2185
2840
2245
6880
8622
6846
1760
8888
1260
4991
2603
6326
8482
8364
8546
9731
3731
7864
7053
7317
7156
5692
3130
4319
8270
2969
2519
8766
9327
7328
8
7902
2063
8677
5833
8191
8169
9342
5916
8864
183
7609
7070
5355
5063
2802
7535
5785
3535
2401
4627
214
2355
7217
8412
2450
6422
9587
571
1984
205
2744
9979
329
6507
8015
8381
8040
3066
2469
7713
4545
2273
2631
2012
2235
3018
5570
5883
4542
2885
445
2480
9880
5084
6080
841
1011
7663
4851
0
5300
4288
5952
9487
5400
307
1903
2170
544
2980
9248
753
7141
2101
4538
1536
4547
9505
1683
1202
5829
9852
8744
266
3839
947
1955
1289
2814
693
2558
5902
1617
3815
2240
5328
8157
9283
5556
5930
6647
6688
1536
3179
3828
791
914
8963
3284
789
6705
2232
7147
7998
9267
1321
7508
7423
7829
3462
7700
767
5140
2587
4490
7376
5740
7127
9622
272
2171
371
3467
7607
8977
4259
6054
4961
7331
2357
6265
8843
2273
5015
5796
7441
2620
964
8653
6635
2762
6661
5955
1396
5777
815
1531
6496
2831
2873
7844
3905
818
2653
2186
9327
1756
562
1236
2253
3523
5175
9195
9216
3336
8426
2283
6555
4631
5432
163
8109
6362
254
2129
7117
758
7799
1005
4577
8736
7858
1315
6304
260
6388
1868
7315
8902
7024
1060
9628
623
1148
129
394
9860
2467
1382
1978
2525
8474
7281
8782
6016
1977
2277
3490
1594
8259
3530
2426
6457
2969
2797
7383
1716
7165
9465
4444
4457
8645
3182
1245
7755
7692
7778
1037
7882
1678
1073
9663
3222
7522
3132
227
7953
4099
1189
9866
6721
2305
372
5494
7837
7458
6551
839
569
9789
4277
3757
1304
3260
6763
3349
2672
8674
7672
3386
9521
8963
1900
2761
570
9225
5964
8664
6183
2782
6864
1085
8742
326
2389
6636
6970
5115
2810
3107
6368
2752
7966
175
4581
9830
6932
7678
2822
2703
5992
911
1908
56
6552
2041
2581
9446
3612
4951
790
1492
4330
8548
9952
3628
2791
8878
9556
856
3310
2697
1114
6526
2837
496
3792
9090
5853
9758
2583
6550
1276
665
1015
3526
280
5469
2486
3262
4562
2881
6878
9293
7354
1907
6807
2731
5441
1593
9076
9667
1289
852
8216
8031
791
7216
692
5665
6132
3373
6024
7254
7179
9874
7833
774
7074
7563
9391
2206
2417
8128
8386
8079
8440
6316
5461
2904
6552
4329
9556
2128
5959
2605
3530
6168
8844
1946
5881
8723
7405
6100
1378
12
9711
401
4954
8798
4130
3867
383
4254
4844
5474
9802
9815
8829
1770
1757
333
1930
9566
1098
6125
8029
4011
7085
3524
1896
937
500
8553
8048
3770
3807
7532
1
7050
9988
4664
145
3713
1189
2130
1216
8169
8924
4826
1263
2705
175
421
795
3365
4350
669
6948
9384
5832
4667
4441
3377
3473
2752
2405
6007
929
3441
2594
967
1091
1036
851
9164
2756
2244
9436
8572
1332
9038
4459
8402
3180
3315
1955
257
3272
2077
3669
9591
6418
611
1618
7564
2565
7278
6327
7926
6235
3347
3330
6240
8026
6176
2418
1598
1899
220
822
920
1446
144
1396
869
1871
2847
9341
8354
2366
7792
643
8232
2418
1590
8159
9204
556
8155
7163
3962
3962
2072
1460
6064
39
8412
5285
5126
8953
899
1813
5154
5937
5266
3796
5909
2571
9301
1997
8700
3920
9792
3533
8220
1570
7052
6676
4172
1833
4241
1000
1279
9753
890
5829
6571
3514
8906
8630
5939
4587
8334
8435
322
5846
530
9348
7578
7473
2173
6859
2513
4588
8422
2263
7968
1305
5656
2140
223
3032
5522
9899
6361
644
287
5928
5771
1554
4417
363
196
7465
264
4599
2881
7230
5956
9
6489
3989
8473
7683
4596
512
6856
5499
2437
5984
9752
7406
2516
2395
3756
185
5654
8898
9968
839
9079
1634
4538
2668
606
7645
9178
2102
3929
6692
8864
3711
1512
9229
7834
8875
8214
9442
1104
3405
6557
6893
3667
7681
852
7652
1829
9688
7688
3701
6084
7529
6552
6246
4458
8165
906
406
4007
9566
7499
9677
2175
2651
7015
1695
2927
9963
5743
4138
6
2122
103
9484
944
3293
2439
3666
2695
9442
3723
5643
4006
5319
5654
1189
6670
9273
5852
6903
7373
6258
1207
6643
1641
4997
3914
6826
7348
2825
4204
6206
767
9289
5583
4431
1575
9690
1889
7553
7670
4749
1572
5005
8316
8649
1253
8343
4793
1617
5699
3507
9407
3805
1135
4126
8614
420
6919
2512
1140
4464
3551
2265
7893
4047
3759
1042
7535
1908
164
2502
5373
9652
4544
4525
2813
7079
7332
126
2516
5094
7252
754
1158
1717
9713
1973
1744
4565
6231
5279
1857
6999
5617
5013
8722
4277
7481
8319
1715
1165
2219
9488
2784
4159
2498
5576
7746
5289
807
3983
3593
2801
8341
8877
2894
9092
2303
575
813
7341
3075
2406
2442
4903
4109
454
8956
3830
6795
4955
4520
2737
8299
8320
4190
5316
6321
4754
2579
312
3239
1718
143
4872
5056
2266
6859
2911
6148
870
8434
7395
2467
1512
8881
3302
2908
5143
7129
3588
3833
6573
37
2549
2640
6592
5000
3373
9627
7288
3227
2599
826
159
4351
7411
7276
5011
1750
5281
5894
9872
1756
2110
444
965
5311
6908
6065
8941
1843
4879
3456
2958
8807
3352
3066
5209
7931
2848
5347
3629
347
1126
4412
9441
4001
2494
371
8125
5479
656
832
9610
1824
7610
8541
3301
7852
5554
3976
2256
7299
6058
9842
3590
3346
6839
7569
8385
1292
6996
4674
5629
5522
6582
2244
7482
2472
1995
9035
4021
2407
1381
4891
3718
4219
1516
7607
2451
9075
6958
2741
8810
527
4220
2662
4877
2625
3235
4310
8115
8997
2277
9826
7597
5074
948
2741
3802
7686
8229
685
336
8875
9386
4939
3614
8415
2955
1222
2042
763
5662
4805
2867
1394
2432
9852
7389
357
8945
7801
5236
2255
4953
1273
5239
6249
2386
3434
5707
4216
5013
9296
1636
2144
7251
6953
1257
8421
4259
2286
8157
6683
2387
5550
2004
5363
8027
5895
4155
5648
2725
8254
5600
6173
4487
8814
3957
1036
354
9262
8281
8413
432
7101
1118
9753
9912
4317
1922
6612
2026
6428
1041
7048
4679
4998
9873
726
1546
3536
2366
7877
159
7754
6664
7627
1847
9438
1608
641
6016
2567
2681
4986
8544
120
9969
7392
4660
7824
4192
2666
4359
5829
2342
5759
5204
7815
5141
5849
561
9310
3380
106
3011
268
5373
4624
9506
4986
1920
9955
9068
5865
6146
1482
9376
7107
5243
5500
3904
2905
7194
7386
5332
929
8929
1461
1747
6070
5317
221
1382
5242
1010
7383
2630
2696
3039
8002
3138
30
9373
3081
2619
8018
925
1042
2752
1657
4748
5433
703
2399
3369
1644
517
5960
1831
6487
2743
3713
2926
5106
3526
2680
5997
2907
2724
3814
8761
5901
8218
165
1550
6108
2135
822
2583
6877
8943
1806
9396
8825
4942
1022
1233
9145
4231
643
9011
7909
3451
4860
9332
5660
775
170
3247
2917
4884
9807
6646
4826
661
302
4024
1568
8199
7955
8285
7791
9717
3202
8086
2696
7153
3660
1551
6426
9522
1258
2591
3724
4249
1037
3681
7106
8418
3870
4595
1810
3054
1498
5178
9641
652
2555
3765
5685
6515
6025
1921
5425
1110
1454
1115
1582
7458
9842
3932
5622
3704
2341
2683
3910
8931
2882
1195
7499
473
9904
1565
3196
1831
4355
7854
6985
7111
1118
199
4954
5140
754
1752
4252
7898
3198
1240
3700
3866
6500
1292
1699
68
9452
9739
420
2584
3966
4878
7730
4174
8182
5380
5429
9869
6780
1481
4625
7693
5683
1391
1260
2782
2507
6582
1577
5295
1623
7087
2012
9503
5212
9862
2460
7876
9174
7723
8899
6477
9740
3806
1519
6546
9642
5892
551
9236
6286
6181
3161
4324
2491
3390
1237
4974
4584
231
304
1078
8177
795
7637
9850
2195
8119
5772
6183
1882
6475
1434
1465
3058
7604
8187
7823
3477
5414
7054
1591
7795
9852
8788
2134
517
877
3495
7896
2161
2598
6167
6234
2567
4848
1968
5508
1072
8914
3394
4489
3442
1053
4866
6290
4183
6441
2648
9740
5438
8715
5407
2008
867
1998
2241
522
5287
8232
7565
85
7821
2420
4970
483
1052
5243
1790
4962
109
7349
8861
6563
3512
5153
9715
6519
5253
6564
7124
2771
9531
6433
5297
6854
5238
1614
5382
4859
3352
6757
4960
2432
6023
685
3642
7816
8154
1084
4161
9054
4977
128
4067
4906
5534
453
8481
1130
5814
1998
9431
8891
787
4430
2860
8677
2515
2060
5671
4780
9520
216
6407
6477
1398
7223
3654
5426
3885
6697
9825
975
5989
8978
3742
760
8450
1740
7354
1460
5582
5612
5748
8811
9735
2732
683
9612
1717
1714
5105
3132
9625
1006
9083
584
3218
6878
7601
4779
343
570
5976
1807
3628
1694
977
4104
4985
7317
7265
1198
6149
2522
9560
1980
8980
1056
6098
4151
9264
2266
4043
2554
3289
3981
2144
6533
8161
6102
5381
8838
2354
3651
1787
4983
7492
3857
3400
9182
8892
8589
66
9153
3750
6688
9944
2114
1097
3285
7357
199
6220
1479
1209
3366
1159
8159
8435
2928
7547
9127
2490
3775
5768
2755
2884
4585
110
9886
7003
6209
4947
2185
5121
9254
4791
5378
8814
608
743
2991
4690
6960
8292
2134
9864
5683
9374
5016
11
1786
4573
7963
24
30
224
5451
1341
8756
364
9216
610
6906
8948
1664
9947
3312
7552
6409
3681
6945
9776
680
310
2574
8590
3087
8864
62
628
7427
3677
6422
5371
700
9145
9544
9152
5177
3979
1817
5598
7360
1407
8964
4954
1983
9572
5497
7724
5376
4887
2757
2132
1016
7352
2014
4868
9271
8195
9623
5875
7960
4390
1856
715
4267
6610
229
8706
592
8536
2152
6737
3139
8356
4340
3578
555
2707
2330
8400
3951
2844
9475
13
5596
3689
2602
5051
631
9616
2396
7091
6110
7383
1642
491
5079
2012
5972
1598
1756
7498
4321
409
5922
1540
3730
926
1723
7283
5453
81
9883
6324
4497
3876
1235
887
2312
6174
5959
6012
3447
40
8302
3280
5510
286
8390
7777
453
1563
1186
7034
4180
5119
5623
9413
3801
4128
1229
441
7158
2381
5933
1404
9495
5204
3386
5252
1471
8209
9057
3102
2105
1513
652
2978
17
7564
5532
1926
563
595
2797
2531
6529
4012
8231
2194
8251
6867
2801
3013
6559
5084
941
5288
9341
2029
7193
4013
8294
241
2569
9439
5379
1030
679
8298
5133
8898
88
5314
4693
7241
2962
4119
7462
405
280
1234
1221
8322
8803
6099
657
8144
7058
2480
413
7884
7494
6378
5050
4289
6923
3638
2837
7426
1120
270
7653
9329
7246
8864
7205
12
2219
83
6489
3962
6089
717
1121
1459
1287
3430
4338
7864
4214
3087
592
4556
525
3534
2957
1486
8620
9919
7256
7799
583
4677
2256
245
9973
9097
9495
2270
796
6219
8239
5576
8814
7658
625
7505
6477
1773
2075
6246
5652
2809
2023
5917
7745
355
7292
3133
1941
859
149
267
1194
5450
8742
3207
4548
8129
3401
4573
325
2008
4165
6960
9392
9139
2850
8709
5812
6055
6227
7171
3451
7416
1764
3039
2011
8165
3979
7942
4481
811
1769
6741
2652
6800
6500
4413
5034
912
7792
9564
7655
3382
6371
5526
4837
605
711
3873
6605
5943
1507
6395
1947
5509
4967
9078
3110
3032
1298
3731
2673
3550
9398
4623
938
8326
1096
4706
7095
9700
272
5381
1036
1016
4842
562
9944
4807
7564
7297
4153
4792
514
9845
4313
1288
1692
2680
521
7477
9886
1258
2437
1856
759
7871
5139
9902
9396
7864
8648
7873
1659
3948
8413
9273
3627
8766
5581
8384
1031
1535
5154
7936
8201
854
1503
4552
1800
755
650
7701
8261
5923
1298
6877
3375
3169
6799
2321
1674
1245
6451
1644
5325
2688
1891
1727
2952
1471
400
9751
7475
1229
5999
7161
1873
7399
3314
5163
8358
9531
6836
4654
59
7765
93
8118
2445
9289
7154
1126
7799
676
7806
4530
9559
5573
6035
1173
2633
188
1894
8447
1990
8219
4475
3466
9489
2095
7321
5820
5932
726
6574
5736
4043
8700
4673
9625
2965
4962
8841
11
1051
8331
564
1175
2444
4835
9574
6851
2076
2772
2569
4082
6709
6425
3597
7067
8592
2201
8882
4818
595
4322
2588
2031
8559
3581
9733
9335
5903
8243
6952
181
6007
9317
3119
761
8039
3732
8164
2747
6865
2777
1008
1864
1435
2501
537
4629
1849
2382
2192
3286
4389
9617
3469
2135
2602
1902
4978
6958
8199
5442
744
2057
3421
618
2707
6362
9136
9310
4388
3771
6646
5636
6342
7066
244
2417
3872
2031
2576
7473
4763
5183
6388
8638
5795
8326
4762
2270
1725
6099
3823
1129
9169
6978
3639
6629
4344
5589
29
4106
7763
6808
1711
1423
3773
3325
4241
2109
161
7135
3677
1421
9119
68
3344
7201
7544
6570
4274
8992
3539
4899
2722
3664
5339
1029
2125
6380
3593
7182
9285
9981
7491
5197
4711
384
6288
1580
4973
2359
7366
8721
411
1111
6622
7568
4571
2146
3620
7576
2729
8249
2826
5389
3575
2431
9297
6748
9463
6312
2090
4418
3139
8755
6943
4254
3412
4641
7419
1135
8254
8387
7610
315
5922
9773
6421
2903
2588
4104
5858
1270
8544
8102
5301
1376
3801
7835
3541
355
1356
7506
9258
1702
7631
1570
1947
5749
704
6484
2301
1359
5872
3021
5474
4658
8473
3572
971
4133
5890
1962
8550
8499
9076
6783
1698
7795
5084
8543
1972
8346
8628
1212
586
743
4767
5062
4201
7899
4593
7321
5559
2748
3879
6295
9704
5411
1446
6082
8807
4910
2765
102
7385
379
5747
9930
8827
2410
5083
4245
8181
2607
1690
5031
4884
4374
825
5184
8916
900
5441
8726
3421
4810
4302
321
5973
981
580
2752
6239
8956
1946
7756
7747
3426
7860
5055
9569
293
2955
1185
2686
2534
4371
2262
8736
2733
2522
619
1646
8640
1494
2445
9897
3706
668
9944
2412
6225
6732
3674
127
2824
3667
1351
1947
1658
9839
9846
1824
403
3834
1100
5703
1210
85
847
2038
8793
843
1074
8698
9744
3354
6575
5070
5667
5242
1029
5787
7977
8642
1873
3408
1432
2428
3874
9228
2782
8461
1097
2334
6242
9881
6752
6077
931
4607
7839
765
3883
3805
2809
5010
6526
9506
4909
6808
6991
4556
1528
5321
3996
7405
9489
2324
7000
1466
2095
5755
9249
1155
1309
2856
6904
6465
4691
642
3208
1589
3226
5905
2172
7102
7581
7980
515
8023
353
6288
6809
5583
3827
9930
9549
3708
6066
3670
108
7228
5518
4627
1664
4938
9327
6751
7086
461
9728
398
8770
2573
8876
7286
2363
3459
3694
6403
5221
2101
3222
761
5379
2329
2394
9928
821
4416
8557
2015
6938
3189
2962
5868
910
9182
6929
9632
4314
7478
458
4976
4792
8689
4058
2519
9816
4339
4955
1533
7837
8351
1233
2498
7499
302
2721
5324
3217
453
1317
774
5441
8800
1506
1960
6024
6672
539
5952
8948
7392
6507
1994
432
6184
8217
8055
4430
7178
8953
1554
7538
7437
9514
2605
9090
2687
3030
5818
6883
3393
583
1140
227
2245
9255
4021
8022
4255
5692